<?xml version="1.0" ?>
<PyBrain>
	<Network class="pybrain.structure.networks.feedforward.FeedForwardNetwork" name="FeedForwardNetwork-12">
		<name val="'FeedForwardNetwork-12'"/>
		<Modules>
			<LinearLayer class="pybrain.structure.modules.linearlayer.LinearLayer" inmodule="True" name="LinearLayer-6">
				<dim val="4"/>
			</LinearLayer>
			<LinearLayer class="pybrain.structure.modules.linearlayer.LinearLayer" name="LinearLayer-13" outmodule="True">
				<dim val="1"/>
			</LinearLayer>
			<BiasUnit class="pybrain.structure.modules.biasunit.BiasUnit" name="BiasUnit-5"/>
			<SigmoidLayer class="pybrain.structure.modules.sigmoidlayer.SigmoidLayer" name="SigmoidLayer-14">
				<dim val="25"/>
			</SigmoidLayer>
			<SigmoidLayer class="pybrain.structure.modules.sigmoidlayer.SigmoidLayer" name="SigmoidLayer-15">
				<dim val="5"/>
			</SigmoidLayer>
		</Modules>
		<Connections>
			<FullConnection class="pybrain.structure.connections.full.FullConnection" name="FullConnection-7">
				<inmod val="BiasUnit-5"/>
				<outmod val="SigmoidLayer-14"/>
				<Parameters>[-1.5587074406577581, 2.4086675212358357, 1.6741099136406343, -0.50293103824041929, 0.53366260151827116, -1.1336297520174066, -1.114498348943602, -1.9451896632196077, -1.0442582359836787, -2.813757078356327, 0.95061266478198769, -2.5449292989400218, -0.27095788032896256, -4.2844017563749075, -1.0336529985381653, 1.4494036041652631, 1.5416212175813797, -2.0146500579898836, -0.25842125724509785, 2.6833913090112107, -2.0065515145515254, 0.093748606088547237, -1.1666102545873442, 1.5515235174259578, -0.52585132601780238]</Parameters>
			</FullConnection>
			<FullConnection class="pybrain.structure.connections.full.FullConnection" name="FullConnection-8">
				<inmod val="BiasUnit-5"/>
				<outmod val="SigmoidLayer-15"/>
				<Parameters>[0.26346956147196859, 0.69266852677235802, -1.5947766179808271, -1.6168564747173779, 0.74148882067406852]</Parameters>
			</FullConnection>
			<FullConnection class="pybrain.structure.connections.full.FullConnection" name="FullConnection-11">
				<inmod val="LinearLayer-6"/>
				<outmod val="SigmoidLayer-14"/>
				<Parameters>[-0.29750983333573405, -0.4384473125588258, -0.55824512533207726, -0.5430587885518342, -2.6332061629347239, -0.46682752840833819, 1.3690193566422146, -1.6718912873045091, -0.81808972931818358, -0.81228816577950491, -1.027426434610808, 0.027508533032100491, 1.144846502434677, -1.5950638751708832, 3.0309008819812258, 1.7910074756706811, -0.5345146218612723, -1.0132809426572917, 0.053136155413284904, 0.066581389346776487, 0.72539182188799933, 1.7501499799526148, 0.4091149232844522, -0.7657863634170573, 2.2874728655435548, 0.34759539866121703, 0.83907076411007131, -1.0013398668129674, -0.1241008748657718, 0.011138186111178597, 0.33797677707613177, -1.2691156313152749, -1.3827578810487327, -0.23401636817056556, 2.0679174911122051, -2.6320135977869192, -1.5163487612013327, -1.7955079128283398, 0.18070514623080955, 1.284021269771435, -0.32371187803526091, -1.0373757860388642, 0.22429139153082345, -2.4140411336237224, 0.28411374883837004, -0.20682768949861546, -2.2073945766391581, 0.74636897569389082, -0.60226616683479006, -1.9777224709976786, 2.359940003143123, 0.67640073037047133, -0.18221812719185632, -2.8453222641137175, 0.80664943135976575, 0.43338957852252835, -0.97403263486132097, 1.2380793817585118, -0.13792600574127475, 0.41464837062664467, -0.5675650042366871, 0.97435445170712143, 1.7211234348533084, -0.38672917109119892, -0.90436940565340507, -2.652115514605081, -0.17035646352544581, 0.064484988830838988, -0.019483805234798576, 0.42575734879035959, -0.33620385304619055, 0.51105331690976075, 1.8138992001417931, -0.42560503535484656, 1.6851550946913194, 0.91311082851358627, 1.8602926951271388, -0.13883131269257426, 1.0174063406478688, -0.59012974456858558, -1.5457600141778207, 1.2302276663298664, -1.7587126561861277, -1.7602650972065239, 2.5956310146708059, 0.44164304495337586, -1.4360737063731606, 0.60509258975127489, -0.31283092404670682, -0.28742816503236535, -0.42825027575904334, -0.020152209782138643, 0.7356382386964001, 0.57448155242895038, 0.92238848368096149, 0.34706507573362111, -0.51698165111349059, 1.4317524339452865, -1.7789196467267345, 2.6719352284419862]</Parameters>
			</FullConnection>
			<FullConnection class="pybrain.structure.connections.full.FullConnection" name="FullConnection-10">
				<inmod val="SigmoidLayer-14"/>
				<outmod val="SigmoidLayer-15"/>
				<Parameters>[1.0976008282412553, -0.12135987792537878, 2.7596903528028616, -1.6334822541654161, 0.36612622728762123, -0.84669670713040779, 1.9283938318703511, -1.7606273284874285, -0.81814025225212661, 2.7196227986805779, 1.1356074250044532, 1.4507118374285521, 1.1876369847376866, 1.7923356595045667, 0.62960703903905901, 0.48272062055264814, 0.089856483758551889, -0.32631230113450499, 0.26314695631038737, -1.6371414066845116, -3.2009888916107263, -0.21825422055187535, 0.38736076431565658, 1.5398927771368411, 0.69870568504959374, -0.19273438437013221, 3.3318529842632549, 0.58859924394387408, -1.3904360969856615, -0.33559560710088493, -1.1252258002202957, -0.6214367080933284, -1.1847350096184985, 1.8922551829607341, 0.001985694073482553, -0.096866336833263969, -1.1762978109441748, 1.083412668995505, -1.3812819362221813, 0.92395999538801943, 0.41756900692668542, 2.3958012014701264, -0.73466851359246321, -0.081467660075107223, -1.7227590742473295, -1.105860690102469, -1.3906083193309906, -0.68159171307081168, -0.051439452774009985, -0.27846845512790908, -0.60037515144699172, 1.1292312035671899, -0.39191643670577753, 0.67967501423743126, 1.812729472520443, -1.6296734224513958, -0.56417336425535103, -0.91653185086320854, 0.46073211252801377, -0.75554595447545647, -0.77693132468051729, 0.22158474620760138, 1.0643099832887373, 0.42207926522507716, -0.55902099164707364, 0.67220763634644964, 0.22957725844292082, -1.6400117911913794, 0.62451678697491098, -0.34032438559316242, 0.096593907682527874, -0.50705162309786744, 0.53738679731847261, 1.398730309408347, -1.2731077605012802, 1.0023356369632512, -1.046075685010829, -2.1409337128061972, -2.3310145095366708, -1.155014783011536, -0.83869598651191124, 1.2023194778948383, -0.051277896915263597, 2.3924256839818816, 0.99465462183459985, 0.7563669227794908, 0.97029314543254008, 0.37251648802074, 1.639376074440084, 1.1508428136978206, -0.063810886535287853, -0.73094272497037094, 1.2990227027390779, 1.083902045056589, -2.1492578141983567, -2.1276642039425857, -1.234342319798011, -1.1142012445775074, -0.28692868094615531, 3.0577191664314021, 1.2906699154233261, 0.78642985140496702, -0.4502514577918757, 2.0150209212814763, 1.2663661588840038, 0.5917460744352111, 1.776369249542864, 0.54736213664365663, -0.59772802624467403, -2.3286382979066937, -0.22223429308328416, -0.52003674603621619, -3.5653791545172862, -0.95389474986492639, -0.25547225076700475, -0.96409137490660057, -0.39492050548386198, -0.31852961531495477, -1.0739580869236243, -0.61050031360602264, 1.6497768934016648, 1.2250885405708531, -1.9872561010503418, -0.63896626131468981, -1.1479634736019191]</Parameters>
			</FullConnection>
			<FullConnection class="pybrain.structure.connections.full.FullConnection" name="FullConnection-9">
				<inmod val="SigmoidLayer-15"/>
				<outmod val="LinearLayer-13"/>
				<Parameters>[6.5842950389450001, -3.0607325540520391, -0.90290172198303797, 6.78168547464126, -3.6228212590302742]</Parameters>
			</FullConnection>
		</Connections>
	</Network>
</PyBrain>
