<?xml version="1.0" ?>
<PyBrain>
	<Network class="pybrain.structure.networks.feedforward.FeedForwardNetwork" name="FeedForwardNetwork-12">
		<name val="'FeedForwardNetwork-12'"/>
		<Modules>
			<LinearLayer class="pybrain.structure.modules.linearlayer.LinearLayer" inmodule="True" name="LinearLayer-6">
				<dim val="4"/>
			</LinearLayer>
			<LinearLayer class="pybrain.structure.modules.linearlayer.LinearLayer" name="LinearLayer-13" outmodule="True">
				<dim val="1"/>
			</LinearLayer>
			<BiasUnit class="pybrain.structure.modules.biasunit.BiasUnit" name="BiasUnit-5"/>
			<SigmoidLayer class="pybrain.structure.modules.sigmoidlayer.SigmoidLayer" name="SigmoidLayer-14">
				<dim val="25"/>
			</SigmoidLayer>
			<SigmoidLayer class="pybrain.structure.modules.sigmoidlayer.SigmoidLayer" name="SigmoidLayer-15">
				<dim val="5"/>
			</SigmoidLayer>
		</Modules>
		<Connections>
			<FullConnection class="pybrain.structure.connections.full.FullConnection" name="FullConnection-7">
				<inmod val="BiasUnit-5"/>
				<outmod val="SigmoidLayer-14"/>
				<Parameters>[2.7728752135852481, -0.44746278731718081, -0.12009616164834204, -1.331485733224377, 2.7184990430092935, -1.3496612450373262, -2.2918376038477093, 0.86679890616116417, -0.40168433068795822, -0.36524844146244201, 0.9380398697172625, 0.15578526110373833, 2.9655141796764597, -1.8216641996402074, -1.1476187534035096, -1.2256316839929955, -0.57752462015708883, -0.60250450640271369, 1.1133830863201006, -0.26197502345080564, -0.33120891992418589, -0.21412160541344266, 0.15991359982879622, -0.073975331071431824, -0.15771816464005342]</Parameters>
			</FullConnection>
			<FullConnection class="pybrain.structure.connections.full.FullConnection" name="FullConnection-8">
				<inmod val="BiasUnit-5"/>
				<outmod val="SigmoidLayer-15"/>
				<Parameters>[-0.7680444731831898, -1.1487730044297462, -0.011129522641523667, -0.91368178869541472, 1.4237708975596139]</Parameters>
			</FullConnection>
			<FullConnection class="pybrain.structure.connections.full.FullConnection" name="FullConnection-10">
				<inmod val="LinearLayer-6"/>
				<outmod val="SigmoidLayer-14"/>
				<Parameters>[-0.4802799523010044, -0.070891063822281303, 1.4356392571045451, 0.52911204867027228, 1.1982092356089606, 0.87357716629036553, 1.4074229540759773, 1.7988985203248702, -0.31033265927378345, 1.6212050739246966, 0.18042483238664805, -0.71515477389650783, 1.1877738208413264, 0.80273095866747346, 1.8220053446458846, -0.2860475583121711, 1.3298370357557256, -0.42757725157225407, 0.73999562091480653, 1.003834031739925, 1.6275232722267978, 1.6579611088430948, -0.59205109439435966, -0.72990044061503168, 0.70867763695368913, 0.28062902043155147, 1.3544122582537352, 0.058835721293117246, 1.7426008079284672, -0.97064882363436455, -0.55539400797046212, 0.68339339471742688, 1.463637398545212, -0.24368855056494226, -0.75814037528424028, -0.6878987105478036, 1.1556042853050075, -2.2086711492276918, 0.70900044287564767, -1.6298976695917686, -1.0074134133789123, -1.1950424211769379, -0.34638919142618635, -1.0923436329653478, 0.37727351330254033, -0.38893071190761658, -1.6506939395577025, -0.63498439409075591, -0.42129215044937052, 0.7158500576713368, 0.013310095248364993, 0.72114419791274198, 2.564243230305427, -0.14094656074373632, 0.29552768274848179, -0.085819151557265341, -0.56521675764413626, 1.0955340651884158, -1.3432756975424698, 1.123815333088745, -0.4213849631392394, 0.2913939327248673, -1.1452290375112455, -3.2113032821420622, 0.59892827966627193, 0.94770351233957228, -0.99443370322590308, 1.1998515644953354, -0.84299977489195255, -0.15249477073036691, -1.0147917143076082, -0.65776175509033974, 0.3663566418758965, 0.21211877807835947, 0.54068842946743301, 0.29528203719091772, 0.76269390614136223, -1.1879048394519147, 0.48056133170823395, 1.2343833438141369, 1.7555176482095458, -0.41050064596957547, -1.5153548606882314, -2.1649387459191698, 1.1420206704690059, -1.0170669219129245, -0.38720777380503585, -2.3607224234385296, -0.68227597212806734, -1.7580469677433266, -1.0959438330047777, 1.5210284801122298, -0.67627041085646689, -0.16355564347692797, 2.2553632027863229, 0.53653782955384888, -0.84360732419252227, 2.3366317441113211, -1.1676797102498588, 1.1600263544859484]</Parameters>
			</FullConnection>
			<FullConnection class="pybrain.structure.connections.full.FullConnection" name="FullConnection-9">
				<inmod val="SigmoidLayer-14"/>
				<outmod val="SigmoidLayer-15"/>
				<Parameters>[0.7014445550766798, 2.12958676668574, -0.82027224898054474, -0.13735532410949319, -0.34605436281225949, 1.9372334310274517, 0.93377037366726778, 1.1536242585457706, -2.4402172827448929, -0.1808836802959489, 0.91394376324471716, -0.96977014012402729, -0.48679479420771476, -0.048402254006858152, 0.44254372852935275, -0.82181538909502494, -1.4891880467181784, 0.98876600057794517, 1.1764996464802868, -1.7187125507032472, -1.1299189498375599, -0.93202557825467114, 0.21848286685162077, 2.8406511331827677, -0.58293121815276938, -1.6885514909170742, -2.5727467108487807, 0.73258725867985564, 0.26021938032934272, -0.21473774997469675, -0.83615060500681404, -0.74895522976895124, 0.27522392954600433, 0.91545984735759645, -0.21088106294970718, 0.46938149130717832, -1.160665439151612, 0.28988962474149105, 1.0569481163608854, -1.299261466511666, 0.46680606090187443, 0.40369044971707924, -0.87899592009241456, 0.83425548845794806, 1.4034836897614245, 0.40486542145744564, -0.72666645204542679, 0.29231597518021407, -0.69058732917009935, -0.47063299682946297, 0.37191245341402218, 0.48637371312720934, -0.41129656494915429, -1.9684859145939892, -0.72430257061241399, 0.72609661760287236, -2.5142777261996869, 0.10452779135102817, 0.14210879060560144, 0.37659629177674242, 2.8668862949944951, -0.25244615161572026, -0.68986895260667547, 0.89268203833258586, 2.6561291202579231, -0.26295307134593404, 1.9647307831100165, -0.35761515089025653, 0.34886346709255067, 1.5138757148539888, -2.9327612462575661, -0.75933827525098418, 0.16577228991767307, -0.049349420499053116, 0.057381805337947747, -1.3091848745342729, -1.3164379632878456, -0.15928029239552044, 0.5308942162286675, -0.51161374921360603, 0.00091689083732898009, 1.6425381480089125, 1.989138740074273, 0.10498933730674534, 0.81431662049342624, -0.93754250214017332, -1.6415077067454045, -2.7145927152019711, 2.001279941687454, 0.76879085405187197, 0.47702965258234181, 0.75850764116026548, 0.44063579868460268, -0.89119645916100665, 1.6817086044136833, -0.43419605058046579, -0.58165368526324768, -1.5056542066165752, -0.48248260569866747, 1.2454198153171145, 0.78920594529634969, -0.5034337283072331, 0.55892054517607004, -0.078254634397834241, 0.40095101713797032, 0.089709313624314016, 1.8959089033362797, 2.442841392936939, 0.092449995322313239, 1.0592557198955792, 0.38200444968106967, -0.060004681459863866, -2.0534153941800328, -0.33612732993939798, 0.22935569458940686, -0.333949370305615, -0.26029335603451403, -0.18689575799732314, 0.16902274603831793, -0.0015670197927250156, 0.55119246179866832, 0.88231545943999234, 1.1374981653057619, 0.90219311603867791, -0.10755683131772205]</Parameters>
			</FullConnection>
			<FullConnection class="pybrain.structure.connections.full.FullConnection" name="FullConnection-11">
				<inmod val="SigmoidLayer-15"/>
				<outmod val="LinearLayer-13"/>
				<Parameters>[2.0370738933072294, 0.47320803455882893, 2.4728636706705287, 3.6272304682505081, -1.1022219066948611]</Parameters>
			</FullConnection>
		</Connections>
	</Network>
</PyBrain>
