<?xml version="1.0" ?>
<PyBrain>
	<Network class="pybrain.structure.networks.feedforward.FeedForwardNetwork" name="FeedForwardNetwork-12">
		<name val="'FeedForwardNetwork-12'"/>
		<Modules>
			<LinearLayer class="pybrain.structure.modules.linearlayer.LinearLayer" inmodule="True" name="LinearLayer-5">
				<dim val="4"/>
			</LinearLayer>
			<LinearLayer class="pybrain.structure.modules.linearlayer.LinearLayer" name="LinearLayer-13" outmodule="True">
				<dim val="1"/>
			</LinearLayer>
			<BiasUnit class="pybrain.structure.modules.biasunit.BiasUnit" name="BiasUnit-6"/>
			<SigmoidLayer class="pybrain.structure.modules.sigmoidlayer.SigmoidLayer" name="SigmoidLayer-14">
				<dim val="25"/>
			</SigmoidLayer>
			<SigmoidLayer class="pybrain.structure.modules.sigmoidlayer.SigmoidLayer" name="SigmoidLayer-15">
				<dim val="5"/>
			</SigmoidLayer>
		</Modules>
		<Connections>
			<FullConnection class="pybrain.structure.connections.full.FullConnection" name="FullConnection-8">
				<inmod val="BiasUnit-6"/>
				<outmod val="SigmoidLayer-14"/>
				<Parameters>[0.57487615667542447, 0.8262535842451828, 1.117713524069182, 0.46039295242938322, 0.60942161851029919, -0.10603761221063944, -1.8847878442938268, -0.53173032673233533, -0.74296340079286538, 1.3971946212992807, 1.3367690008609716, 1.574583866976385, -0.014293016639017433, -1.0022395072812174, 1.4521168459179654, 2.4115733411252935, -0.036050465859895998, -1.6412596387028078, 0.46606348000854508, 0.075208713945234484, -4.3280110498807858, -0.72812383390959934, 0.56993100599338387, -1.1582377773309707, -2.1058770163628786]</Parameters>
			</FullConnection>
			<FullConnection class="pybrain.structure.connections.full.FullConnection" name="FullConnection-9">
				<inmod val="BiasUnit-6"/>
				<outmod val="SigmoidLayer-15"/>
				<Parameters>[-0.69080871081319195, 1.1814730113816048, 0.93112999375522021, 0.15905863002946763, 0.26014956791642879]</Parameters>
			</FullConnection>
			<FullConnection class="pybrain.structure.connections.full.FullConnection" name="FullConnection-11">
				<inmod val="LinearLayer-5"/>
				<outmod val="SigmoidLayer-14"/>
				<Parameters>[-0.62536538367016681, 0.77198109437978701, 3.3540152419235496, -1.5638648435860119, -0.93896563767316132, 0.32794533678648208, 1.284256819547271, -1.6622760071043572, 0.3445490274630108, 1.6751697678941557, -1.6301776156119498, -1.153561052548115, -1.9675319476518827, -0.8576785233439187, -0.89063012413102993, 2.3783004077547685, 1.3069929459592011, 2.7332927077583737, -1.6387355173632783, -0.81353998786413706, 0.095009900238461661, 0.68716219205935525, 1.1782854750064082, -0.2953735871844525, 1.9885956639363445, -0.084557504940789924, -0.88094559341987044, 1.0286472654870538, -0.46023174762315266, -2.2874994733018457, 2.8934513395944519, 0.80949605872860864, 0.28855479248938137, -0.94016283035935166, 1.6032598422225171, 0.94435260073836524, 0.59085596035194965, -0.24017888140579491, -1.1950853839555831, 0.92592194344991607, 0.20668308386094134, -2.3692248122766335, 0.024755803921477287, 0.20420631151488433, -1.6685531909707505, 1.7237682821856641, -1.8616155096606308, -0.35906569843203195, 2.1264150059330671, 0.32035192065493778, 1.2426603959044147, -0.97261240550538097, -0.98869152621436773, 0.14769039016814206, -0.32110232756107943, 0.79408344285773924, 2.175071336762064, 0.81285989192280206, 2.1542236739207774, 1.4807694397447151, 0.13989990808073427, 0.066341237196270567, 0.67469177645565293, 0.86599410807474431, 0.32577508733894117, 1.0803545101715479, 0.82640656208870766, -1.1092655593521858, 1.5169359317966433, 1.8228941220247792, 0.88097603235719057, -0.64270856716606528, -1.2313806338578726, 0.59417887438322026, 0.41864795163078583, -1.3218341753150666, -0.29197456276069605, -0.74559690460175343, 0.63720668069150677, 2.9118226775439617, -0.26824605801810097, -0.043920669349026983, 0.096659125044484109, 0.44895768672584763, -0.44027006234948041, 0.16139942598984505, -1.5821501785648793, 0.6913972044249006, 0.37064557817764038, 0.4630458626277863, 1.5342205509048703, 0.68403791451137286, -0.14500452899174385, 1.3529212167392866, 0.49418869237816271, 1.2228837646296853, -1.9401356672936185, -0.54529163515025802, -0.23614126447493958, 2.132236579085482]</Parameters>
			</FullConnection>
			<FullConnection class="pybrain.structure.connections.full.FullConnection" name="FullConnection-10">
				<inmod val="SigmoidLayer-14"/>
				<outmod val="SigmoidLayer-15"/>
				<Parameters>[-0.68535758690531401, 0.3552201007756105, -0.4629643447569447, 0.89335892961775509, 0.27827769330241181, -0.83263664504388935, 0.65110684354907067, 0.79429946680237751, -0.75300134575436006, -1.9850917719783079, -1.4508575156949444, -2.231869037965033, 1.3916625986658242, 1.9124523698051774, 1.0780304742171736, -1.0359474873809138, -1.2950321097893238, 0.25300507695163033, -0.50651150744769147, 0.46338338142883473, 0.9056221127709122, 2.4155566191354061, -2.7014867790895631, 0.35755147213515653, 1.0754379952516329, -0.7183374357704494, -1.9266196844619399, 0.59475381690226026, -0.4079362923663753, 0.021863398802085571, 0.42468785311710516, 2.8232727326172804, -0.32803615516396334, -2.0705196517257174, 0.50981286503281775, -0.8542600875288201, -0.26947884890636814, 0.18610796896577678, -0.13363952896716227, -0.54414172949809614, -1.0803547574435186, 1.3319026322585583, 1.9942955975610781, -0.84093527350133546, 0.88332676655340481, 0.73367623409934446, -0.070755545911822967, 0.26474142203905943, -1.3164886082440315, -0.94681302944162349, -0.73046532780307383, 2.7204924816668234, 1.5340553696374122, -0.77378973039788024, -2.108802939913748, 0.65673512551512525, -0.34941345376683547, 0.17743008360886406, -0.4917246009943369, -0.73629052736600775, 0.67270718084784165, -2.0940539712994775, -0.92452528028910097, -0.71900336061384051, -3.0803176303377748, 0.033039014105925323, 0.81568922737908867, 1.2226924500435385, 0.89656632841604977, -1.0103711506264796, -0.53483832968595824, 1.0606228901625103, 1.2886785803758369, 0.60780120937335635, -0.93968256774322123, -0.22183941143768293, -0.16444037816001864, -1.5694936355250453, 2.069294893730933, -0.74035035333098664, -0.51995454310649036, -0.34171611618882547, 2.9701506109636835, -0.92786538152320464, -0.36379692151535964, 0.54734040988982924, 0.78368180689062361, -0.18151742481372574, -1.0981705637357313, 0.97810752190847927, -0.24036976680643005, -0.84913004419707649, -0.9526551825527676, -0.48550432846887587, 1.6831445725626719, 0.65127551554227714, 1.1358709463352903, 0.25474152723960353, -0.04299425878466101, 1.7454043429899051, -0.80964527763403327, -0.36908237383126397, 0.35121379274020825, 2.189737877648954, 2.1871755710962475, 0.53532865937736129, -0.50377579010093909, -0.50088720847879786, -0.049577804238070934, -0.82596960566987287, -1.9581284499731062, 0.24271010056823245, 1.2235539903387036, -0.13563285494951155, 0.33112058722801385, -1.8233225574730063, -0.27434752643190241, 0.73868947945636343, 0.72089013950571845, -0.71452162107297346, 1.9005649524259798, -0.18367820235691992, 0.38396119482199192, 0.098214667408434417, 1.03763036062519]</Parameters>
			</FullConnection>
			<FullConnection class="pybrain.structure.connections.full.FullConnection" name="FullConnection-7">
				<inmod val="SigmoidLayer-15"/>
				<outmod val="LinearLayer-13"/>
				<Parameters>[3.0060296660995141, 2.1266934534245547, -3.6333830450527298, 3.7983374662138991, 1.9871419427756736]</Parameters>
			</FullConnection>
		</Connections>
	</Network>
</PyBrain>
